1000 114.631
2000 116.742
3000 116.345
4000 115.826
5000 115.545
6000 115.996
7000 115.916
8000 116.193
9000 116.172
10000 116.26
11000 116.192
12000 116.059
13000 115.883
14000 115.931
15000 115.957
16000 115.937
17000 115.956
18000 115.924
19000 115.956
20000 115.954
21000 115.968
22000 116.028
23000 116.004
24000 116.109
25000 116.047
26000 116.03
27000 115.997
28000 116.048
29000 116.072
30000 115.978
31000 115.957
32000 115.978
33000 116.076
34000 116.127
35000 116.108
36000 116.115
37000 116.145
38000 116.187
39000 116.149
40000 116.125
41000 116.132
42000 116.124
43000 116.13
44000 116.167
45000 116.115
46000 116.125
47000 116.119
48000 116.131
49000 116.111
50000 116.121
51000 116.118
52000 116.153
53000 116.117
54000 116.124
55000 116.133
56000 116.105
57000 116.114
58000 116.124
59000 116.131
60000 116.169
61000 116.15
62000 116.195
63000 116.21
64000 116.195
65000 116.211
66000 116.178
67000 116.175
68000 116.185
69000 116.131
70000 116.157
71000 116.172
72000 116.187
73000 116.178
74000 116.195
75000 116.211
76000 116.207
77000 116.221
78000 116.212
79000 116.192
80000 116.21
81000 116.212
82000 116.208
83000 116.212
84000 116.187
85000 116.189
86000 116.175
87000 116.178
88000 116.191
89000 116.214
90000 116.201
91000 116.237
92000 116.239
93000 116.271
94000 116.267
95000 116.262
96000 116.279
97000 116.254
98000 116.267
99000 116.231
100000 116.208
